"V1" "V2" "V3" "V4" "V5" "V6" "V7" "V8" "V9" "V10" "V11" "V12" "V13" "V14" "V15" "V16" "V17" "V18" "V19" "V20" "V21" "V22" "V23" "V24" "V25" "V26" "V27" "V28" "V29" "V30" "V31" "V32" "V33" "V34" "V35" "V36" "V37" "V38" "V39" "V40" "V41" "V42" "V43" "V44" "V45" "V46" "V47" "V48" "V49" "V50" "V51" "V52" "V53" "V54" "V55" "V56" "V57" "V58" "V59" "V60" "V61" "V62" "V63" "V64" "V65" "V66" "V67" "V68" "V69" "V70" "V71" "V72" "V73" "V74" "V75" "V76" "V77" "V78" "V79" "V80" "V81" "V82" "V83" "V84" "V85" "V86" "V87" "V88" "V89" "V90" "V91" "V92" "V93" "V94" "V95" "V96" "V97" "V98" "V99" "V100"
"1" 1 1 0 1 1 1 0 1 0 1 0 1 1 0 0 1 0 0 0 1 0 0 1 1 1 0 1 0 0 0 0 1 0 1 1 1 0 0 1 0 0 1 1 0 0 1 0 1 0 0 1 0 0 0 1 0 1 1 0 0 0 1 0 0 1 1 1 0 0 0 1 1 0 1 0 1 0 0 0 0 1 1 1 0 1 0 NA 1 1 1 1 1 0 0 0 0 1 0 0 NA
"2" 1 NA 1 1 0 1 1 1 0 0 0 1 1 0 0 1 1 0 1 0 1 1 0 1 0 1 0 1 1 0 0 0 1 0 0 1 0 1 0 1 0 0 1 0 1 1 0 0 0 1 NA 1 0 1 1 1 0 0 0 0 0 0 0 0 0 0 1 0 1 0 0 0 1 1 1 1 0 1 0 0 0 1 1 NA 1 0 0 1 1 0 1 0 1 1 1 0 1 0 1 0
"3" 1 1 0 0 0 1 0 1 1 0 0 1 0 0 1 NA 1 1 1 1 1 NA 1 0 0 0 1 1 1 1 1 0 0 1 1 0 1 0 NA 1 0 1 0 1 0 0 1 0 1 0 1 0 1 1 0 1 1 1 1 0 1 1 1 1 0 1 1 1 1 0 1 0 0 1 1 1 0 0 1 0 1 1 0 0 0 1 0 0 1 1 NA 0 1 1 0 0 1 1 0 1
"4" 1 1 0 1 1 0 1 0 1 1 NA 0 0 0 1 1 1 NA 1 1 0 0 1 0 1 0 1 0 1 0 1 1 0 0 1 1 0 0 1 0 1 0 0 1 0 1 1 1 0 1 1 0 0 0 0 1 1 1 0 0 1 NA 0 0 0 0 NA NA 0 0 1 0 1 1 1 1 0 0 0 1 1 1 0 1 1 0 0 1 0 1 1 1 1 0 0 1 1 1 0 1
"5" 1 NA 1 0 1 0 1 1 0 0 1 0 1 1 1 0 1 1 NA 0 1 1 1 NA 1 1 1 0 0 0 0 0 1 0 0 0 0 0 1 1 0 0 0 1 1 0 0 1 0 1 1 1 1 1 1 0 1 1 0 1 1 1 0 0 NA 0 1 0 0 1 0 1 NA 1 0 0 0 1 1 0 0 0 0 1 1 1 1 0 0 1 1 0 1 0 1 1 0 0 1 1
"6" 0 0 0 1 1 1 1 0 1 0 0 1 0 1 1 1 0 1 0 0 0 0 0 1 0 0 0 1 0 1 1 0 1 0 1 1 1 0 1 0 0 0 0 0 1 0 0 0 0 1 1 0 1 1 0 0 1 1 1 0 0 1 1 1 0 1 0 1 1 0 1 1 0 1 1 1 1 0 0 0 1 1 1 1 1 0 1 0 1 1 0 1 1 0 1 1 1 0 0 1
"7" 0 0 1 0 1 1 1 1 1 1 1 0 0 0 0 0 0 0 1 1 1 0 0 1 1 0 1 0 0 0 0 1 0 0 1 0 1 1 0 0 1 1 1 1 1 1 1 1 1 1 0 1 0 1 0 0 1 1 0 1 1 0 0 0 1 1 0 0 1 1 0 0 0 0 1 0 1 0 1 0 0 0 1 1 1 0 1 1 1 0 0 1 1 1 1 0 0 0 1 1
"8" 1 1 0 NA 1 0 1 0 1 0 NA 0 1 1 0 1 0 1 1 1 0 0 0 1 1 1 1 NA 1 0 1 1 0 1 1 1 0 1 1 0 0 1 0 1 1 0 1 0 0 1 1 1 0 1 1 0 1 1 1 1 0 1 1 0 0 1 0 1 0 0 0 1 1 1 0 1 0 1 0 0 1 0 0 0 1 1 1 1 1 0 1 1 0 1 1 1 1 0 NA 1
"9" 1 1 0 1 1 1 0 1 1 1 0 0 0 1 0 1 0 1 0 1 1 0 0 1 1 0 1 1 1 0 1 0 0 1 0 0 0 1 1 1 0 1 1 1 1 1 1 0 0 1 0 0 0 1 0 1 0 1 0 1 0 0 1 1 0 0 1 1 0 0 0 0 1 1 0 1 0 0 1 0 0 1 0 0 0 1 0 1 1 0 1 0 0 1 0 0 1 1 1 1
"10" 0 1 1 0 0 1 0 1 1 1 0 1 1 0 1 0 0 0 0 1 1 0 0 1 0 0 0 1 1 1 1 0 0 1 0 0 0 1 0 1 0 0 0 1 1 0 1 1 0 1 1 1 0 1 0 1 1 1 1 0 1 0 1 1 0 0 1 1 1 0 1 1 1 1 0 1 1 1 1 0 0 1 0 0 0 0 0 1 1 1 0 0 0 1 1 0 1 0 0 1
"11" 0 0 0 1 1 0 1 1 1 0 0 NA 1 1 0 1 0 1 1 1 0 1 0 1 1 0 0 0 0 NA 0 0 1 0 1 1 0 1 0 0 NA 0 1 0 1 0 1 0 1 0 1 0 1 NA 1 0 1 0 1 0 0 1 1 1 1 1 0 1 0 0 0 1 0 1 1 1 0 0 0 0 1 0 1 NA 1 1 1 NA 0 1 1 1 0 0 1 1 0 1 1 0
"12" 1 0 0 0 0 1 0 1 1 1 0 0 0 0 1 0 0 1 0 1 0 0 0 0 0 0 1 1 1 0 1 0 0 1 0 0 1 0 1 1 0 1 1 0 NA 0 1 0 NA NA 0 0 0 1 0 0 1 0 1 1 0 1 1 1 0 0 1 1 0 0 1 0 0 1 0 1 1 0 1 NA 0 1 0 0 0 1 0 1 1 1 0 0 1 0 NA 1 1 1 0 0
"13" NA 1 1 1 1 0 0 1 0 0 1 1 0 NA 1 0 1 1 0 0 1 1 1 0 0 0 0 0 0 1 1 0 0 1 0 0 0 1 1 1 0 1 1 0 0 1 1 1 0 1 0 1 1 0 1 0 1 1 0 0 1 1 1 0 1 1 1 1 0 1 NA 0 1 1 1 0 1 NA 1 0 0 1 1 1 0 1 1 1 1 1 1 0 1 0 1 1 0 1 1 1
"14" 0 0 1 NA 0 1 0 1 1 1 0 0 0 1 0 1 1 1 1 0 1 0 0 0 1 0 0 1 1 0 1 1 0 1 1 0 1 1 1 0 0 1 1 1 1 0 1 0 1 1 0 0 0 1 1 1 1 0 NA 1 1 1 0 0 0 0 1 0 1 1 1 0 1 1 0 1 1 0 NA 0 1 1 0 0 0 1 0 1 1 1 0 1 1 1 1 1 0 1 0 1
"15" 1 0 0 1 1 1 0 1 1 1 0 1 1 0 1 0 0 1 0 1 1 0 0 1 0 0 0 1 1 1 1 NA 0 1 1 1 1 1 0 1 0 0 1 1 1 0 1 0 1 NA 1 0 0 1 0 1 1 1 1 1 1 1 1 1 0 1 1 1 0 1 1 1 0 1 0 1 1 0 1 0 1 1 1 0 0 1 1 1 1 1 1 0 1 0 1 0 1 1 0 0
"16" 0 0 1 1 1 1 1 1 0 0 0 0 1 1 0 0 0 1 1 0 0 1 0 1 1 0 1 NA 0 NA 0 1 0 0 0 0 1 1 0 0 1 1 0 0 1 1 1 NA 0 1 0 1 0 1 1 0 0 1 1 1 0 0 0 1 0 0 0 1 1 0 0 0 0 0 1 1 1 0 0 1 0 1 0 0 1 NA 1 1 1 0 0 1 1 1 1 1 0 1 1 1
"17" 0 0 0 0 0 1 0 NA 1 1 0 0 0 1 1 1 0 0 0 0 1 0 1 1 0 0 1 1 0 1 0 0 0 0 1 0 0 1 1 1 0 1 0 1 1 0 1 0 1 1 0 0 0 1 1 0 1 1 1 1 1 0 1 1 0 0 1 1 0 0 1 0 NA 1 0 1 1 0 1 1 1 1 0 NA 0 0 0 NA 1 1 1 0 0 1 1 0 1 1 1 1
"18" 0 0 0 1 1 1 1 1 1 0 1 NA 0 1 1 1 0 0 1 1 1 1 NA 0 1 1 0 0 0 1 1 0 NA 0 0 0 0 0 0 1 0 0 0 0 1 1 1 1 1 1 NA 1 1 1 1 1 1 1 1 0 0 1 1 1 0 0 0 1 0 0 0 1 1 0 1 1 0 0 0 0 1 0 1 0 1 0 0 1 0 1 0 1 0 0 1 1 1 1 NA 0
"19" 0 1 1 1 1 0 1 1 0 1 0 0 1 0 1 0 1 1 1 1 1 0 1 0 1 0 1 0 1 1 1 1 0 0 1 1 1 0 1 0 1 0 0 1 1 1 0 0 0 1 1 0 NA NA 1 0 1 1 0 0 0 0 0 0 1 1 1 0 1 0 1 0 0 1 0 1 0 1 NA 1 1 1 1 0 1 0 0 0 NA 1 1 1 1 0 1 0 1 0 0 1
"20" 0 0 0 1 1 1 NA 1 0 1 0 0 1 0 0 0 NA 0 1 1 1 NA 0 0 1 1 1 0 1 1 0 0 0 1 1 1 NA 0 NA 0 NA 1 NA 1 0 1 1 1 0 1 0 NA 0 1 0 0 1 1 1 0 0 0 0 1 0 1 0 1 1 1 0 0 0 0 1 0 NA 0 1 0 0 0 0 0 1 0 1 1 1 0 0 1 1 1 1 1 0 0 1 0
"21" 1 1 NA 0 1 1 1 1 1 1 NA 0 1 0 0 1 0 0 0 1 0 NA 1 1 0 0 1 1 1 0 1 1 0 1 0 1 0 0 1 NA 0 1 1 1 1 0 1 NA 0 1 1 0 0 0 1 0 1 1 0 0 1 NA 0 0 1 1 1 0 NA 0 0 1 0 1 1 1 0 0 1 0 1 0 1 1 1 1 0 1 0 1 1 0 0 1 1 0 1 0 0 0
"22" 0 1 0 0 1 1 1 1 0 0 1 0 1 1 0 1 0 0 1 1 0 0 0 1 0 1 0 1 0 1 0 1 1 1 1 0 0 1 0 1 0 0 0 0 1 0 0 0 0 0 1 0 1 1 0 0 1 1 1 0 0 1 1 1 0 0 0 1 1 0 0 1 1 0 1 1 0 1 0 0 1 0 0 1 1 1 1 0 0 1 1 1 0 0 1 1 0 1 0 0
"23" 0 1 0 0 1 1 1 1 1 1 1 0 1 NA 1 0 0 0 0 1 0 0 1 0 0 0 1 1 0 1 1 0 NA 0 0 1 0 0 1 0 0 0 1 1 1 0 1 1 0 1 1 0 NA 0 0 0 1 0 0 1 1 1 0 NA 1 1 1 1 0 0 0 0 1 0 0 1 0 0 1 0 1 1 1 0 1 0 1 1 0 1 0 0 1 0 1 1 1 0 0 0
"24" 1 1 NA 0 0 1 0 0 1 1 0 0 0 1 1 0 0 1 1 1 1 1 1 1 0 0 1 1 1 0 0 NA 0 1 NA 0 1 0 1 1 0 1 0 0 1 0 1 0 0 1 1 0 0 0 0 1 0 1 1 0 0 NA 1 1 0 0 1 1 0 1 1 1 0 1 0 1 0 1 NA 0 0 1 0 0 0 NA 0 1 1 1 1 0 1 1 0 0 0 1 0 1
"25" 1 0 0 1 1 1 1 1 1 1 0 1 1 0 0 1 0 0 1 1 1 1 1 NA 1 0 1 0 0 0 1 1 0 0 1 1 0 0 1 0 1 0 1 0 0 0 1 0 0 1 1 0 0 0 1 1 1 0 0 0 0 1 0 0 1 1 1 0 1 0 0 1 1 0 0 1 0 0 0 0 0 0 1 1 1 0 0 1 0 1 1 NA 1 0 0 0 1 1 0 1
"26" NA 0 1 0 0 1 1 1 0 1 0 0 0 0 1 0 0 0 1 1 0 1 0 1 1 0 0 0 0 1 0 1 0 0 1 0 NA 0 0 0 0 1 1 1 0 1 1 1 0 1 0 1 0 NA 0 0 0 1 1 1 0 1 0 1 0 1 0 1 0 1 0 1 0 0 1 0 1 0 1 1 0 0 1 0 0 0 0 1 1 0 0 1 1 1 1 1 0 0 1 1
"27" 0 0 0 1 1 1 1 1 1 1 1 0 0 0 NA 1 0 0 1 1 1 1 0 0 NA 0 1 0 1 0 1 0 0 1 0 1 0 0 1 1 1 0 0 1 1 1 1 1 0 1 1 0 0 1 0 0 1 0 0 0 0 0 0 0 1 0 1 1 1 0 NA 1 1 1 0 0 0 1 1 1 1 0 1 0 1 0 0 1 1 1 1 1 1 0 1 0 0 0 0 1
"28" 0 0 0 1 0 1 1 1 0 0 1 0 0 0 0 0 0 0 1 1 0 0 0 0 1 1 1 0 0 1 0 0 0 0 1 0 1 0 0 0 1 0 0 1 0 1 1 0 0 1 0 0 0 1 0 1 1 1 0 1 1 0 0 1 1 1 0 1 0 1 0 0 0 0 1 0 0 0 1 0 0 1 0 1 1 0 0 1 1 0 0 1 1 1 1 1 0 0 1 1
"29" 0 0 0 0 0 1 0 1 0 0 NA 0 0 1 0 0 1 0 1 0 1 0 0 0 1 1 1 0 1 1 0 0 0 0 1 0 1 1 0 0 0 1 1 1 1 1 1 0 0 1 0 1 0 1 0 1 0 1 1 1 1 0 0 1 0 1 1 0 1 0 0 0 0 0 1 1 1 0 1 1 1 0 0 1 0 0 1 1 1 1 0 1 1 1 1 0 0 0 1 1
"30" 1 0 0 1 1 0 NA 1 1 1 1 0 1 1 0 1 0 0 1 1 NA 0 1 1 0 0 1 0 0 0 1 1 0 0 0 1 0 0 NA 0 1 0 0 0 1 0 0 1 0 1 0 0 0 1 1 0 1 1 0 1 NA 1 0 0 NA 0 1 1 0 0 0 1 1 1 NA 1 0 0 0 0 1 1 NA 0 1 0 0 1 1 1 1 0 0 0 0 0 1 NA 0 1
"31" 0 1 0 1 1 1 0 0 1 0 0 1 0 1 0 1 0 0 1 1 1 1 0 1 1 1 1 1 0 1 0 0 0 0 0 1 1 1 1 0 0 1 0 0 0 0 1 0 0 0 1 0 1 1 0 0 1 0 1 0 0 1 1 1 1 0 0 1 1 0 1 1 1 1 0 1 0 0 0 0 1 0 0 1 1 0 1 0 0 1 0 1 0 0 1 1 0 1 0 0
"32" 1 1 1 1 0 1 0 0 1 1 0 0 0 0 0 0 1 1 1 1 1 1 1 0 NA 0 0 1 1 1 0 0 0 1 1 0 1 1 1 1 0 0 0 1 1 0 NA 0 1 0 0 1 1 1 0 1 1 1 1 0 1 0 0 1 0 0 1 1 0 1 NA 0 0 1 0 1 1 0 1 0 1 0 0 1 0 0 NA 1 1 0 0 0 1 1 0 1 0 1 1 1
"33" 0 0 0 1 1 1 1 1 0 1 1 0 1 1 1 0 0 0 1 1 0 1 1 0 0 0 1 0 1 0 1 1 0 0 1 1 0 0 1 1 1 1 1 0 1 0 1 1 0 1 1 0 0 0 1 0 1 0 0 1 0 0 0 0 1 1 1 0 0 1 1 1 1 1 0 1 0 0 0 0 1 1 1 0 1 0 0 1 1 1 1 0 1 0 NA 0 1 0 0 0
"34" 0 0 0 0 1 1 0 1 0 0 1 0 1 0 0 0 1 0 0 1 1 0 0 0 1 0 1 0 0 0 0 1 0 0 1 1 1 0 0 0 0 1 1 1 1 1 1 1 0 1 NA 1 0 1 0 1 0 0 1 0 1 1 0 1 1 1 0 1 1 1 NA 0 0 0 1 0 1 0 1 1 0 0 1 0 1 0 1 1 1 0 0 1 1 1 0 1 0 0 1 0
"35" 0 1 1 0 0 1 0 0 1 0 0 0 1 1 1 0 0 1 0 1 1 1 1 0 0 0 1 1 1 1 1 0 0 1 1 0 0 1 1 1 0 1 1 0 1 1 1 0 1 1 0 0 1 1 0 0 1 1 1 0 1 0 0 1 0 1 1 1 0 0 1 1 0 1 0 1 1 0 1 1 1 0 0 0 0 0 1 1 1 1 0 0 1 1 0 0 1 1 0 1
"36" NA 1 0 1 1 0 1 1 1 NA 1 0 1 1 0 0 0 1 1 0 1 1 0 0 0 0 1 0 0 1 1 0 0 0 1 0 1 0 1 1 0 1 1 NA 1 0 NA 1 0 1 0 1 1 1 0 NA 1 1 0 0 1 0 1 0 1 1 1 0 NA 1 0 0 0 0 1 NA 0 0 1 0 1 1 NA 0 1 0 1 1 1 1 1 0 1 0 1 1 0 1 1 1
"37" 0 1 1 1 0 1 0 0 1 0 0 0 1 0 1 1 0 1 0 1 1 0 1 1 NA 0 0 1 1 1 1 0 0 1 1 0 NA 1 0 1 0 1 1 1 0 0 1 0 0 1 1 0 0 1 0 1 1 0 1 0 1 0 0 1 0 0 1 1 0 1 1 1 0 1 0 1 0 1 1 NA 0 1 0 0 0 0 0 1 1 1 0 0 1 1 1 0 1 1 0 1
"38" 0 1 0 0 1 0 1 1 1 NA 0 1 1 1 0 0 0 0 1 1 1 0 0 0 0 0 0 0 0 NA 0 1 0 0 NA 1 1 1 1 0 0 1 0 0 0 NA 0 0 1 0 NA 0 1 0 1 0 1 1 1 0 0 1 1 NA 1 0 0 1 1 1 1 0 0 0 0 1 0 0 0 0 1 1 0 1 1 1 1 0 1 0 0 1 0 0 1 1 1 0 1 1
"39" 0 1 0 NA 1 1 1 0 1 0 NA 0 0 1 1 1 0 0 1 1 0 1 1 1 1 0 NA 0 0 0 1 1 1 1 0 NA 0 1 1 0 0 1 0 0 1 NA 1 0 0 1 1 0 1 0 0 1 1 0 1 0 0 1 1 1 1 1 0 1 0 0 0 0 1 0 0 0 0 0 0 0 1 1 NA 0 1 0 1 0 0 1 1 1 0 1 1 1 1 0 1 1
"40" 0 0 0 0 1 0 0 1 0 0 0 1 0 1 0 1 0 0 1 1 0 0 0 0 1 0 1 1 0 1 0 0 NA 0 1 0 NA 1 0 1 0 0 1 0 1 0 NA 0 0 0 1 1 1 NA 1 1 1 0 1 0 0 1 1 1 0 1 0 0 1 0 0 1 0 0 1 1 0 0 0 NA 1 0 0 1 0 0 1 NA 0 0 0 1 0 0 0 0 1 NA 1 1
"41" 1 0 0 1 1 1 0 0 1 0 0 0 0 1 1 0 1 0 0 1 1 0 0 0 0 0 1 0 1 1 1 0 0 1 0 0 1 0 0 1 0 0 1 0 1 0 1 0 1 1 0 0 1 0 0 0 1 1 1 0 1 0 1 1 0 1 1 0 0 0 1 1 1 1 0 1 0 1 1 0 0 0 0 0 0 1 0 1 1 0 0 0 0 0 0 0 1 1 1 1
"42" NA 1 1 1 0 1 0 1 1 1 0 1 1 0 1 1 0 1 0 1 0 0 1 1 0 0 0 1 1 0 1 1 0 1 0 0 0 1 1 1 0 1 1 1 1 1 1 0 NA 1 0 0 1 0 1 1 1 1 1 1 1 0 1 1 0 1 1 1 0 1 1 0 0 1 0 1 1 0 1 0 1 1 1 0 0 1 0 1 0 0 0 0 0 1 0 1 1 1 0 1
"43" 0 0 1 0 0 1 0 1 0 1 0 0 0 1 1 0 1 0 1 1 0 0 0 1 1 0 1 1 0 1 1 1 0 0 1 0 0 0 0 0 0 1 0 1 1 1 1 0 0 1 0 1 1 1 0 0 0 1 1 1 1 1 0 1 0 1 0 0 1 1 0 1 0 0 1 0 1 1 1 1 0 0 0 1 1 0 0 1 1 0 0 1 1 1 1 0 1 1 1 0
"44" 0 0 0 1 NA 1 0 1 1 1 0 0 0 0 1 1 1 1 0 1 1 0 0 0 0 0 0 1 1 1 1 NA NA 1 1 0 0 1 1 1 0 1 1 1 1 0 1 1 1 0 1 0 0 1 0 1 1 1 1 NA 0 0 1 1 0 0 1 1 0 1 NA 1 0 1 0 1 1 0 1 0 1 0 0 0 0 1 0 0 1 0 0 0 1 0 0 NA NA 1 0 1
"45" 0 1 0 NA 1 0 1 1 0 0 0 0 1 1 1 0 0 1 0 0 1 1 1 0 0 1 1 0 0 1 0 0 0 1 0 0 0 0 1 1 1 1 0 1 0 0 1 1 1 0 1 1 1 1 1 0 1 1 1 NA 1 1 1 1 1 0 1 1 1 1 0 0 0 0 1 1 1 1 1 0 0 1 0 0 1 1 0 0 0 0 1 0 1 0 1 1 0 1 1 1
"46" 0 0 1 1 1 1 0 1 1 1 0 0 1 1 1 1 1 0 0 1 1 0 1 0 1 0 1 1 1 0 1 0 0 1 0 0 0 0 1 1 0 0 1 1 1 0 1 0 1 1 1 1 0 1 1 1 1 1 1 0 0 0 1 1 0 1 1 1 1 0 1 0 1 1 0 1 0 0 1 1 0 1 0 0 0 0 1 1 0 1 0 1 0 0 0 1 1 1 0 1
"47" 1 0 1 0 0 1 0 1 1 1 0 0 1 1 1 0 1 1 0 1 1 0 1 1 1 0 1 1 1 1 0 1 0 1 0 0 0 1 1 1 0 1 1 0 1 0 1 0 1 1 1 0 0 1 0 1 1 1 1 1 1 1 0 1 0 1 1 1 1 0 1 1 0 1 0 1 1 0 1 1 1 1 0 0 0 1 0 1 1 0 1 0 1 0 0 0 0 1 0 1
"48" 1 NA 1 1 1 NA 0 0 1 1 0 1 1 0 NA 1 1 1 1 1 1 0 0 0 0 NA 0 1 1 1 1 0 0 1 1 0 0 0 0 1 0 0 1 1 1 0 1 NA 1 0 1 0 NA 1 0 1 1 1 1 1 1 1 0 1 0 1 1 NA 0 0 NA 0 NA 1 0 1 1 0 1 0 0 1 1 0 0 1 0 1 1 1 1 NA 1 0 0 1 1 1 0 1
"49" 0 0 0 0 0 1 1 1 0 0 0 0 0 1 0 0 0 0 1 1 1 0 0 1 1 1 1 1 0 1 1 1 0 0 1 0 1 1 0 1 0 1 1 1 1 1 1 1 0 0 0 1 1 1 0 NA NA 1 0 1 1 0 0 1 0 1 0 1 0 1 0 0 1 0 1 0 1 0 0 NA 1 0 1 0 0 0 1 1 1 0 0 1 1 1 0 1 0 0 1 1
"50" 0 1 0 1 0 NA 1 0 1 0 0 0 1 1 0 0 0 0 1 1 0 1 0 0 0 0 0 1 0 1 0 0 0 0 0 0 1 0 0 1 0 NA 1 0 0 0 0 0 1 1 1 0 1 0 1 0 1 1 1 0 0 1 1 1 0 0 0 1 1 0 1 1 0 1 0 0 0 0 0 0 1 1 0 0 1 0 0 0 0 NA 0 1 0 0 1 1 1 1 1 0
"51" 0 1 1 0 0 1 0 0 1 1 0 0 1 1 1 0 1 1 0 1 1 0 0 0 0 0 1 1 1 NA 0 0 0 1 0 0 1 0 1 1 1 1 1 1 1 0 1 0 1 0 0 1 1 1 0 1 1 1 1 0 1 0 0 1 0 1 1 1 1 1 0 0 0 1 0 1 0 0 NA 1 0 NA 0 0 0 1 1 1 1 1 1 0 1 1 0 0 1 1 0 1
"52" NA 0 NA 1 0 NA 1 1 1 NA 1 0 0 0 1 0 0 1 0 1 0 0 1 0 0 1 1 0 0 0 0 1 0 1 0 1 0 0 NA 0 1 0 0 0 0 1 1 1 0 1 1 0 0 0 0 1 1 0 0 0 0 0 0 NA 1 0 1 0 0 NA 1 1 1 0 0 0 0 1 1 NA 0 1 1 0 1 0 0 1 1 1 1 0 1 0 1 1 0 0 0 0
"53" 0 NA 0 0 1 0 0 1 1 0 0 1 0 1 1 1 0 1 1 1 1 0 0 0 1 1 1 1 1 1 0 0 1 0 1 1 0 1 0 1 0 1 0 1 1 0 0 0 1 0 1 1 1 0 1 0 1 1 1 0 0 NA 1 1 0 1 0 0 0 NA 1 1 0 0 0 1 0 0 0 0 1 0 1 1 1 0 1 0 1 0 0 1 0 1 1 1 1 1 1 1
"54" 1 0 1 0 1 1 0 1 0 0 1 1 1 1 1 0 1 1 1 0 1 1 1 0 0 0 1 0 1 1 0 0 1 0 0 0 1 0 1 1 0 1 0 1 1 0 1 0 0 1 1 0 1 1 0 0 1 1 0 0 1 1 1 0 0 1 0 1 0 1 0 0 0 1 0 1 NA NA 1 0 1 1 0 0 1 1 1 1 0 1 0 0 1 0 1 1 1 1 1 1
"55" NA 0 1 1 1 1 0 1 NA 1 0 1 1 1 1 0 0 0 0 1 0 0 0 1 1 1 1 0 1 1 0 0 0 1 0 0 0 1 1 1 0 1 1 1 1 0 1 0 1 0 1 0 0 1 0 1 1 1 1 0 1 0 1 1 0 1 1 1 1 0 1 1 NA 1 0 1 1 0 1 0 1 1 0 0 0 1 0 0 NA 1 1 1 1 1 0 NA 0 1 1 1
"56" 0 1 0 0 0 0 1 1 0 1 1 0 1 0 1 1 0 0 0 0 0 1 1 0 0 0 1 0 1 0 1 1 0 0 0 1 1 0 0 1 1 0 1 1 0 1 1 1 0 1 1 0 0 0 0 1 1 0 0 0 0 0 0 0 1 0 0 1 0 0 1 1 0 1 0 0 0 0 1 1 0 1 1 0 1 0 0 1 1 1 1 0 0 0 1 1 1 0 0 0
"57" NA 0 1 0 1 1 0 0 1 0 0 0 0 0 NA 1 0 1 1 1 1 0 0 1 1 0 1 1 1 1 1 0 0 1 1 0 NA 1 NA 1 0 1 NA 1 1 0 1 0 1 1 1 1 0 0 1 1 0 0 1 0 1 1 1 1 0 1 1 1 0 1 1 1 0 1 0 0 0 1 0 1 1 1 0 0 0 NA 1 1 1 1 NA 0 1 0 1 1 1 1 0 NA
"58" 1 1 0 1 1 1 0 1 1 1 0 0 0 0 1 1 0 1 1 0 0 0 0 0 0 0 1 1 1 1 0 0 0 1 1 0 0 1 0 1 0 1 1 1 0 0 1 0 1 1 0 0 1 1 0 1 1 1 1 0 1 0 1 1 0 1 1 1 1 0 1 1 0 1 0 1 1 0 1 0 1 1 1 0 0 1 0 1 1 0 0 0 1 0 0 1 1 1 1 0
"59" 0 1 1 1 1 1 0 0 1 1 0 0 NA 1 1 0 0 1 1 0 1 0 1 1 0 0 1 0 1 1 1 0 0 1 1 0 1 0 0 1 0 1 1 1 1 1 1 0 0 0 1 0 0 0 0 1 1 0 1 0 1 0 1 1 0 1 1 0 0 1 NA 1 1 1 0 1 0 0 1 0 1 1 NA 0 0 1 1 1 1 0 1 1 1 1 0 0 1 1 0 1
"60" 1 0 0 1 1 0 0 1 0 0 0 0 1 1 0 0 0 1 1 0 1 1 1 0 0 0 0 0 0 0 1 0 0 0 0 0 0 0 0 1 0 0 1 1 1 0 0 0 0 1 0 0 1 0 1 0 1 1 0 1 1 1 1 1 1 1 NA 0 0 1 0 0 1 0 1 0 0 1 1 1 0 1 1 1 0 1 NA 0 0 1 1 1 1 0 1 1 0 1 NA 1
"61" 1 1 1 0 1 0 0 NA 0 0 0 0 1 0 1 0 0 1 1 0 1 1 1 1 0 NA 0 0 0 1 0 0 1 0 0 0 NA 0 0 1 0 0 1 1 0 0 0 1 0 1 0 1 1 0 1 0 1 1 0 NA 0 0 1 0 1 0 0 1 0 1 0 0 0 0 1 1 0 1 0 0 0 1 0 0 0 1 1 0 0 NA NA 1 NA 0 1 1 0 1 1 1
"62" 0 0 1 1 0 1 0 1 0 1 0 0 0 1 1 0 0 1 0 1 1 0 0 1 0 0 1 1 1 1 1 0 0 1 0 0 0 1 0 1 0 1 1 1 1 0 1 0 1 1 0 0 1 0 0 0 1 1 1 0 1 1 1 1 0 1 1 1 1 1 0 0 0 1 0 1 0 0 1 0 0 1 1 0 0 0 0 0 1 1 0 1 1 0 1 0 1 1 0 1
"63" 1 1 0 1 1 1 1 1 1 1 1 0 1 1 1 1 0 0 1 1 0 0 1 1 0 0 1 1 0 0 1 0 0 1 1 1 0 0 1 0 0 1 1 1 0 1 0 1 0 0 1 1 0 1 0 1 1 0 0 0 0 1 0 0 1 0 1 0 0 0 1 0 1 0 0 1 1 0 0 1 1 0 1 1 1 0 0 1 1 1 1 0 0 1 1 1 0 1 0 0
"64" 1 1 0 1 1 0 1 1 0 0 1 0 1 1 1 0 1 1 1 0 1 1 1 0 0 0 1 0 0 1 1 0 0 0 0 0 0 1 1 1 0 0 1 1 0 0 0 0 0 1 0 0 1 0 0 0 1 0 0 0 1 0 0 0 1 0 1 1 0 1 0 1 1 1 1 0 1 0 1 0 0 1 0 1 1 1 1 0 0 1 0 0 1 0 1 1 0 0 1 1
"65" 0 1 1 1 0 1 0 1 1 0 0 1 0 0 1 1 0 1 0 1 1 0 1 0 0 0 1 0 1 1 1 1 0 1 1 1 0 0 1 1 0 1 1 0 1 0 1 1 1 1 1 0 0 0 0 1 1 1 1 1 1 0 1 1 0 1 1 1 1 1 1 0 1 1 0 1 0 0 1 0 1 1 1 0 0 0 0 1 1 1 1 0 1 1 0 1 1 1 0 1
"66" 0 1 1 1 1 0 1 1 1 1 1 0 0 1 1 1 1 0 1 1 0 1 1 0 0 1 1 0 1 0 1 1 0 NA 0 1 0 0 1 0 1 1 0 0 1 1 1 0 0 1 1 0 0 0 1 1 1 1 0 0 0 1 0 0 1 0 1 1 0 0 1 0 0 1 NA 0 0 0 1 1 1 0 1 0 0 0 0 1 0 1 1 1 1 0 1 NA 1 0 0 1
"67" 1 0 1 1 NA 1 0 0 1 0 0 0 0 1 1 NA 1 1 0 0 NA 0 NA NA 1 0 1 1 1 1 0 0 0 1 NA 0 1 1 1 1 0 1 1 1 1 0 1 0 1 0 1 0 0 1 1 0 1 1 1 1 1 0 1 1 0 1 1 1 1 1 1 1 1 1 1 1 0 0 1 0 1 0 0 NA 0 1 0 1 1 0 1 1 1 1 0 0 1 1 0 1
"68" 1 1 1 0 1 1 0 1 1 0 0 0 0 1 1 0 0 1 0 1 1 0 0 1 0 0 NA 1 1 0 0 NA 0 1 1 0 0 1 0 1 0 1 0 0 1 1 1 NA 1 1 0 0 0 1 NA 1 1 NA 1 NA 1 1 0 1 0 0 0 1 1 1 NA 0 0 1 0 1 1 0 1 0 0 1 0 NA 0 1 1 1 1 NA 1 1 1 1 1 NA 1 1 0 1
"69" 0 1 0 1 1 1 1 1 1 1 0 0 1 1 1 0 1 1 1 1 0 0 1 0 0 1 1 1 0 0 1 0 0 0 1 1 0 0 1 0 0 1 0 0 NA 0 1 1 0 1 1 0 1 1 NA 0 1 0 0 0 0 0 0 0 1 NA 1 0 0 0 1 0 0 1 0 1 1 0 0 0 1 0 1 1 1 0 0 NA 1 1 1 0 0 0 1 0 1 0 0 1
"70" 0 1 0 1 1 1 1 NA 1 0 1 1 0 1 0 1 0 1 1 1 1 0 0 0 0 1 NA 1 0 1 1 1 1 0 0 0 0 1 1 0 0 1 NA 0 0 0 0 NA 0 0 NA 1 1 1 0 1 1 1 1 NA 0 0 1 1 0 1 0 1 1 0 1 NA 0 0 NA 0 1 0 0 0 1 0 0 0 0 0 1 0 1 1 1 1 0 0 1 1 1 0 1 0
"71" 0 0 0 0 0 0 1 1 1 1 1 1 0 0 1 0 0 0 0 1 1 1 1 1 0 0 1 0 1 0 1 1 1 1 0 1 0 0 0 1 1 1 1 0 1 0 1 1 0 1 0 0 0 1 0 1 1 0 0 1 1 1 0 0 1 1 1 1 1 0 0 1 1 1 0 1 0 0 0 1 1 1 1 0 1 0 0 1 1 1 1 0 0 0 1 0 1 1 0 1
"72" 1 1 0 0 1 0 1 1 0 0 0 0 0 NA 0 1 0 1 1 1 0 0 0 0 1 1 1 0 0 0 0 1 1 1 1 0 0 1 1 1 0 0 0 0 0 0 1 0 0 0 0 1 1 1 NA 1 1 NA 1 0 1 1 NA NA 0 1 0 1 0 0 1 1 0 0 1 1 1 0 0 0 1 0 0 1 1 1 1 1 1 1 0 1 1 0 1 1 1 0 1 0
"73" 0 NA NA 1 1 0 1 0 0 0 1 1 1 1 1 0 0 1 1 0 0 1 1 1 1 1 1 0 1 1 0 1 1 0 1 0 1 1 1 NA 0 0 0 1 0 0 0 0 0 1 0 NA 1 1 1 0 1 1 1 0 0 0 1 1 0 0 NA 0 0 1 1 0 0 0 1 1 0 0 0 0 1 0 0 1 1 0 0 1 1 0 1 1 0 1 1 1 1 0 1 1
"74" 0 1 0 0 1 1 1 0 0 0 1 1 0 0 0 1 0 0 0 1 0 1 0 0 0 0 0 1 1 1 0 0 0 0 NA 0 0 NA 1 0 1 0 0 0 1 NA 1 0 0 1 0 0 1 1 0 0 1 1 1 0 0 1 1 1 0 0 0 1 0 0 0 1 0 0 0 1 0 0 0 0 0 1 0 1 1 0 1 1 1 1 1 1 0 0 1 1 1 1 0 0
"75" 0 1 0 0 1 0 1 1 1 0 1 1 0 0 1 1 0 0 1 0 0 1 0 1 0 0 1 1 0 1 0 1 1 0 1 0 0 1 1 1 1 1 0 1 1 0 0 0 0 1 0 0 1 1 0 0 1 0 1 0 0 1 0 1 1 1 0 1 0 0 0 1 0 0 0 1 0 0 0 0 1 0 0 0 1 0 1 0 0 1 1 1 0 0 1 1 0 0 1 0
"76" 0 1 0 1 1 1 1 0 1 0 0 1 1 1 0 0 0 1 1 1 0 0 1 0 1 1 0 0 0 0 1 0 1 0 1 0 0 1 0 0 0 0 1 1 NA 0 1 0 1 0 1 0 0 1 0 0 1 0 1 1 0 1 NA 1 0 1 0 1 0 1 0 1 0 0 0 1 0 0 0 0 1 1 0 0 1 0 1 0 1 1 0 1 NA 1 1 0 1 1 1 0
"77" 0 1 1 1 1 1 1 1 0 0 0 0 0 0 1 0 1 0 1 0 0 1 1 1 1 0 1 0 0 1 1 1 0 0 1 0 0 0 0 0 NA 1 1 0 0 1 1 1 0 1 0 1 0 1 0 0 0 1 1 1 0 0 0 0 0 1 0 0 1 1 1 0 0 0 1 0 1 0 1 1 0 0 0 0 0 0 0 1 1 0 0 0 1 1 1 0 0 0 1 1
"78" 1 0 1 1 1 0 0 0 0 0 0 0 NA 1 0 0 1 1 1 0 1 1 1 0 0 1 1 0 0 1 0 1 1 1 0 0 1 1 1 0 0 0 0 0 0 0 1 1 0 NA 0 1 0 0 1 0 1 1 0 0 1 0 0 0 1 1 1 1 0 1 0 0 0 1 0 0 0 1 1 1 1 0 NA 0 0 1 0 0 1 1 1 0 1 0 1 1 1 1 1 1
"79" 0 1 1 1 1 1 1 1 1 1 0 0 1 0 1 1 0 0 1 1 1 1 1 1 0 0 0 0 0 0 1 0 1 0 1 1 0 1 1 0 1 1 1 0 0 0 0 1 0 1 1 0 0 0 1 0 1 0 0 0 1 0 0 0 1 0 1 1 0 0 0 1 0 1 1 0 0 0 1 0 1 1 1 1 1 0 0 0 0 1 1 0 0 0 0 0 1 0 0 1
"80" 0 0 0 1 1 1 1 1 0 1 1 0 0 NA 1 1 0 0 1 1 0 0 1 0 0 0 0 0 1 0 1 0 0 1 1 1 0 0 0 0 0 1 NA 1 1 1 1 0 0 0 1 NA 1 0 1 0 1 1 0 NA 0 1 0 0 1 1 1 1 0 0 0 NA NA 1 0 1 0 0 0 1 1 1 1 1 1 0 1 0 0 1 1 0 0 0 1 1 0 0 0 1
"81" 1 0 NA 1 0 1 0 1 1 1 0 0 0 0 1 0 0 1 0 1 1 0 1 0 0 0 1 1 1 1 1 0 0 1 1 0 1 1 1 1 0 1 1 1 1 0 1 0 1 0 1 0 0 0 0 0 1 1 0 0 1 0 1 1 0 0 1 1 1 0 1 1 0 1 0 1 0 0 1 0 1 1 0 0 0 1 NA 1 1 1 1 1 1 0 0 0 NA 1 0 1
"82" 1 NA 0 1 0 1 0 0 1 1 0 0 0 0 1 0 0 NA NA 1 1 0 0 0 0 0 1 1 1 1 0 1 0 1 0 0 1 0 1 1 0 1 1 0 1 0 1 0 0 1 1 0 0 0 0 1 1 1 1 1 1 0 1 1 0 0 1 1 1 0 1 1 0 1 0 1 1 0 1 0 1 1 0 0 0 0 1 NA 1 1 1 0 0 0 1 0 1 1 0 1
"83" 0 0 0 1 0 NA 1 0 1 1 0 0 1 0 1 0 0 0 0 1 1 1 1 0 0 NA 0 0 1 0 1 NA 0 1 1 1 1 1 1 1 1 1 1 0 0 1 1 1 0 1 1 0 0 0 0 0 1 1 0 0 1 0 0 0 1 0 1 0 0 0 1 0 0 0 1 NA 0 0 0 0 NA 0 1 0 1 0 0 1 1 1 1 0 1 0 0 0 1 0 0 1
"84" 0 1 1 0 1 1 1 1 1 1 0 0 0 1 0 0 0 0 1 1 1 0 1 0 1 0 NA 0 1 1 0 1 0 0 1 0 0 1 1 0 0 0 0 1 0 1 1 1 0 1 0 1 1 1 NA 0 1 1 0 1 1 0 0 1 0 1 1 0 1 1 0 1 0 0 1 0 1 0 1 1 0 0 1 0 1 0 0 1 1 1 0 1 1 1 1 1 0 1 0 1
"85" 0 0 0 1 0 1 1 1 0 1 1 0 1 1 1 0 0 0 1 NA 0 0 0 1 1 1 1 0 0 1 1 0 0 0 1 1 1 1 1 0 0 1 1 1 0 1 1 1 0 1 0 1 0 1 1 0 1 1 1 1 1 0 0 NA 0 1 0 1 1 1 1 0 0 0 1 0 1 0 1 0 0 0 1 0 1 0 1 1 1 0 1 1 1 1 NA 1 0 1 NA 1
"86" 1 0 0 0 1 1 0 0 1 1 0 0 1 1 0 0 0 1 0 1 1 1 1 0 1 0 1 0 1 1 1 0 0 1 0 0 0 1 0 1 0 1 1 1 1 0 1 0 1 1 1 0 1 1 0 1 0 0 1 NA NA 0 1 1 0 1 1 1 0 0 1 1 0 1 0 1 NA 0 1 NA 1 1 0 0 0 0 0 0 NA 1 0 1 1 0 0 0 1 1 0 1
"87" 1 1 1 1 1 1 0 1 1 1 0 0 1 1 1 1 1 NA 1 1 1 0 0 0 1 0 1 1 1 0 1 0 0 1 0 0 0 1 0 1 0 1 1 NA 1 1 1 0 1 1 1 0 0 0 0 1 1 0 0 1 0 0 0 1 0 1 1 1 1 0 0 0 0 1 1 0 1 1 1 0 NA 0 0 0 0 NA NA 0 1 1 0 0 1 0 1 0 1 1 1 1
"88" 0 0 1 0 0 0 1 0 0 0 1 1 1 0 1 0 1 1 0 1 1 0 0 1 0 0 0 0 1 0 0 0 NA 1 1 0 1 0 0 1 0 0 1 0 1 1 0 0 0 1 0 1 0 1 1 1 1 0 1 0 0 0 0 1 1 1 0 1 0 1 1 0 1 1 1 1 1 1 1 0 0 0 1 1 1 1 0 1 0 0 NA 0 0 0 1 0 1 0 1 1
"89" 1 0 1 0 0 0 1 1 0 1 1 0 1 1 0 0 0 0 1 1 0 0 1 1 1 1 1 0 0 1 0 0 0 0 1 0 0 1 0 NA 1 1 1 1 1 NA 1 0 0 1 0 1 0 1 1 0 0 1 1 0 1 0 0 1 1 1 0 1 1 1 0 0 NA 0 1 1 0 0 1 1 0 0 1 1 1 0 1 1 1 0 0 1 1 0 1 0 0 0 1 1
"90" 0 1 1 0 1 1 0 1 0 0 0 1 0 1 0 1 0 1 1 0 0 1 0 1 1 1 0 0 0 0 0 1 1 0 1 0 0 1 1 1 0 0 1 0 1 0 1 1 0 1 0 1 1 1 0 0 1 0 1 0 0 1 1 1 0 1 0 1 0 0 0 1 0 0 0 1 0 1 0 0 0 0 0 1 1 0 1 1 NA 1 0 1 0 0 0 1 0 0 0 NA
"91" 0 1 0 0 1 0 1 1 1 0 0 1 0 1 0 1 0 0 1 1 0 1 NA 0 1 0 1 0 1 1 0 0 1 1 1 NA 0 1 0 1 0 0 0 0 0 0 1 NA 0 1 1 1 1 1 1 1 1 1 1 NA 0 0 1 1 0 1 1 1 0 1 0 0 NA 0 1 0 0 0 0 0 1 0 0 1 1 0 NA NA 1 1 1 1 0 0 1 1 1 0 0 1
"92" 1 0 0 1 0 1 0 0 1 1 0 0 0 1 1 0 0 1 1 1 1 1 0 0 0 0 1 0 1 1 1 0 0 1 NA 0 1 1 1 1 0 1 1 0 1 0 0 0 1 1 1 1 1 0 0 0 1 1 1 1 1 1 0 NA 0 1 1 1 0 1 1 1 1 1 0 1 0 0 1 0 0 1 1 0 0 0 0 1 1 1 1 1 1 0 0 0 0 1 1 1
"93" 0 1 NA 0 1 0 1 1 0 0 0 0 1 1 1 0 0 1 0 0 1 1 1 0 0 1 1 0 0 1 0 0 0 0 0 0 1 0 1 0 1 0 0 1 0 0 1 1 0 1 0 NA 1 1 1 0 1 1 0 0 1 1 1 0 1 1 1 1 0 1 0 0 0 1 1 1 NA 1 1 0 1 0 1 0 1 1 0 1 1 1 1 0 1 0 1 1 1 0 1 0
"94" 0 1 0 0 0 1 1 1 1 1 0 0 0 1 0 0 1 0 1 0 1 0 0 0 1 0 0 1 0 1 0 0 0 0 0 1 0 1 0 0 0 1 1 1 1 0 1 0 0 0 0 1 1 1 1 0 0 1 1 1 0 0 0 1 0 1 0 0 1 1 0 0 0 1 1 0 1 0 1 0 0 0 1 0 0 0 1 1 1 0 0 1 1 1 0 1 0 1 1 1
"95" 1 1 0 1 1 0 0 1 0 0 0 0 1 0 1 0 0 1 1 0 1 1 0 0 0 1 1 0 0 1 0 1 1 1 0 0 0 0 1 1 1 1 0 0 0 0 0 1 1 1 0 1 1 1 1 0 1 1 0 0 1 0 1 0 1 1 0 NA 0 1 0 0 1 NA 1 1 1 1 1 0 1 0 0 1 1 0 1 NA 0 1 1 0 1 0 1 1 0 0 1 1
"96" 1 0 0 0 0 0 1 1 1 1 1 0 0 1 1 1 0 0 0 1 0 0 1 0 0 0 1 0 0 0 1 1 0 0 0 1 0 0 1 1 1 0 0 1 0 1 1 1 0 1 1 0 1 0 1 1 1 1 0 1 1 1 0 0 1 0 1 1 0 NA 1 1 0 0 0 1 0 1 0 0 1 1 1 0 1 0 0 1 1 1 1 0 1 0 1 1 1 1 0 0
"97" 1 1 1 1 NA 1 0 1 1 1 0 0 1 1 1 0 0 0 0 1 1 0 0 0 0 1 1 0 1 0 1 0 0 1 1 0 1 0 1 1 0 1 1 1 1 0 1 0 0 0 1 1 1 1 0 0 1 1 1 NA NA 1 1 1 0 1 1 1 1 1 1 0 1 1 0 1 1 0 1 1 1 1 0 0 0 0 0 1 1 1 0 0 NA 1 0 0 0 1 0 1
"98" 1 1 0 1 1 1 0 1 1 1 0 0 1 1 1 1 0 1 1 0 1 0 0 1 1 0 1 1 1 0 1 0 0 1 0 0 1 0 1 1 1 0 1 1 0 1 1 0 0 1 1 0 1 0 0 0 1 1 1 0 1 0 1 1 0 1 1 1 1 1 1 0 0 1 0 1 1 0 1 0 1 1 0 0 0 1 0 1 1 0 0 1 1 1 0 0 0 1 0 1
"99" 0 1 0 1 1 0 1 1 1 0 1 0 0 1 1 0 0 NA 1 0 0 1 0 0 0 1 0 0 0 1 0 0 1 0 1 0 0 1 NA 0 0 0 1 NA 0 0 1 0 1 1 1 0 1 NA 0 NA 1 1 1 1 0 1 1 1 0 1 1 1 0 0 1 0 1 1 0 1 1 0 0 0 1 0 0 1 1 1 1 1 0 1 0 1 0 0 1 0 1 1 0 1
"100" 0 1 0 0 1 NA 1 NA 1 0 1 1 0 1 0 1 0 1 1 1 0 1 0 0 0 1 1 0 1 0 0 1 1 1 1 1 1 1 1 1 0 0 0 0 1 0 0 0 0 0 1 0 1 1 0 0 1 NA 1 0 0 1 NA 1 1 0 0 1 0 NA 1 0 0 0 1 1 0 1 0 0 0 0 0 1 1 0 1 1 0 1 1 1 1 0 1 0 0 0 0 0
"101" 1 0 1 0 1 0 1 1 0 1 1 0 0 1 0 1 0 0 1 0 1 0 1 0 0 0 1 0 0 0 1 1 0 1 0 1 0 0 1 1 1 0 0 0 0 0 1 1 0 0 0 0 0 1 0 0 1 1 0 0 1 1 0 0 1 1 1 0 0 0 1 1 1 0 0 0 0 0 0 0 1 1 0 1 1 0 0 1 1 1 1 0 1 0 1 0 1 0 0 0
"102" 0 0 0 0 1 1 1 1 1 0 0 0 0 1 1 0 0 1 1 1 1 1 1 0 1 1 0 0 1 1 0 1 1 1 1 0 1 1 1 1 0 0 0 0 1 0 0 1 1 1 1 0 1 1 0 0 1 1 1 0 0 1 0 1 1 0 0 1 0 1 0 1 0 0 1 0 1 1 0 0 1 0 0 0 1 0 1 1 0 1 0 1 0 0 1 0 1 1 0 1
"103" 1 1 0 0 0 1 0 1 0 0 0 0 1 1 1 0 1 1 0 1 1 0 0 0 0 0 0 1 1 0 1 0 0 1 0 0 1 0 1 1 0 1 1 1 1 0 1 0 1 1 0 0 0 0 0 1 1 1 1 0 1 0 0 1 0 0 1 1 1 1 1 0 0 1 0 0 0 0 1 0 0 1 0 0 0 0 0 1 1 1 0 0 1 1 0 0 0 1 0 1
"104" 0 1 1 1 0 1 1 1 1 1 0 1 0 0 0 0 1 0 1 1 1 0 1 1 1 0 0 0 0 1 0 0 0 0 1 0 1 1 1 0 0 1 NA 0 0 1 1 1 0 0 0 1 0 1 0 1 1 1 1 1 1 0 0 1 1 1 0 1 1 0 1 0 0 0 1 1 1 NA 1 0 0 0 0 1 1 0 0 1 1 0 1 1 1 1 1 1 0 0 1 1
"105" 1 0 1 1 1 0 1 0 0 0 1 0 1 0 1 1 1 0 1 1 1 1 0 1 0 0 0 1 1 0 0 NA 1 0 1 1 1 0 0 0 0 0 1 0 1 0 NA NA 0 0 NA 0 0 0 1 1 1 0 0 1 0 1 1 0 1 0 0 1 1 1 0 0 1 1 1 1 0 1 1 0 0 1 1 1 0 1 0 1 1 1 1 0 0 1 0 0 1 0 1 0
"106" 1 1 0 1 1 1 0 0 1 1 0 1 1 0 1 1 0 1 1 0 1 1 0 0 0 0 1 0 1 0 0 1 0 1 1 0 0 0 1 1 0 1 1 1 1 1 1 0 1 0 1 0 1 0 1 1 1 0 1 1 1 0 1 1 0 0 0 1 1 0 1 0 1 1 0 0 0 0 1 0 1 1 0 0 0 1 0 1 1 1 1 1 0 1 0 0 1 1 0 1
"107" 0 1 1 1 0 1 0 1 NA 1 0 0 1 1 1 NA 0 0 0 1 1 NA 0 0 0 0 1 1 1 1 1 1 0 1 1 0 1 1 1 1 0 1 0 0 1 0 1 NA 1 1 1 0 1 1 0 0 0 1 1 0 1 1 0 1 0 1 0 1 1 0 1 1 1 1 0 1 1 0 1 0 0 1 0 0 NA 0 0 0 1 1 0 1 1 NA 1 0 1 1 0 1
"108" 1 0 1 0 1 0 1 0 1 0 0 0 0 0 0 1 0 1 1 0 0 1 0 1 1 1 0 0 0 1 0 0 1 0 1 0 0 1 1 1 0 1 0 1 0 0 1 0 0 1 0 0 1 1 1 1 1 0 1 0 0 1 1 0 1 1 0 1 1 0 0 1 1 0 0 1 0 0 0 0 1 1 0 1 1 1 0 0 0 1 1 1 0 0 1 0 1 1 0 0
"109" 1 0 1 0 1 1 1 1 1 1 0 0 1 0 1 1 0 0 0 0 1 1 1 0 0 0 1 0 1 0 1 0 1 0 0 1 0 0 1 0 0 0 0 0 1 0 1 0 0 1 1 0 0 0 1 0 1 1 0 0 NA 1 0 0 1 0 1 0 1 0 1 0 1 1 0 1 1 0 0 1 1 1 1 1 1 0 0 0 NA 1 1 0 0 0 1 0 1 NA 0 0
"110" 1 0 NA NA 1 1 0 1 0 1 0 0 0 0 1 0 1 1 0 NA 1 1 0 0 0 0 1 1 1 1 NA 0 0 0 1 1 1 1 1 1 0 1 1 1 1 0 1 0 1 1 0 0 1 1 0 1 1 1 1 1 1 0 1 1 0 1 1 1 0 0 0 0 0 1 0 1 1 0 1 0 1 1 0 0 0 0 0 0 1 0 0 1 1 1 0 0 0 1 0 1
"111" 1 1 0 1 0 1 0 0 1 1 0 0 0 1 1 0 0 1 1 0 1 0 1 1 0 0 0 NA 1 1 1 0 0 1 1 0 NA 1 0 NA 0 1 0 1 1 0 1 0 1 NA 1 0 0 NA 0 1 1 0 1 1 1 0 1 1 0 0 1 1 0 0 1 1 1 1 0 1 0 0 1 NA 1 1 NA 0 0 0 0 1 1 0 1 0 1 0 0 NA 1 1 0 1
"112" 0 1 0 0 1 1 1 1 0 0 1 0 0 0 0 1 0 1 0 1 0 1 0 NA 0 0 1 0 0 1 0 1 1 1 1 0 0 1 0 0 0 0 1 1 1 1 0 0 0 1 1 0 1 1 0 0 1 1 0 0 NA 1 1 1 1 0 0 1 1 1 0 1 0 0 1 1 0 0 0 0 1 0 1 1 1 0 1 1 0 1 0 1 0 1 1 1 1 1 0 1
"113" 0 0 0 NA 1 1 1 0 0 0 NA 0 0 1 1 1 0 1 1 1 0 1 0 1 1 1 0 0 0 1 0 0 NA 0 0 0 1 1 0 1 0 1 0 1 0 0 0 0 1 0 1 0 1 1 1 0 1 1 NA 0 0 0 1 1 1 0 1 1 1 1 1 0 0 0 1 1 1 0 0 NA 1 0 0 NA 1 1 1 1 0 1 0 1 1 NA 1 1 1 1 0 1
"114" 0 0 1 1 1 1 1 1 1 1 0 0 0 0 0 0 0 0 1 0 1 0 0 0 1 0 0 0 1 1 1 1 0 0 1 1 0 1 0 0 0 1 0 1 0 1 1 1 0 1 0 1 0 1 0 0 0 1 1 0 1 0 0 1 0 1 0 1 0 1 1 1 0 0 1 0 1 0 1 1 0 0 1 1 1 0 1 1 1 0 0 1 1 1 1 1 0 0 1 1
"115" 0 0 0 0 0 1 1 1 0 0 0 0 1 0 0 0 0 0 1 1 1 0 0 1 1 1 1 1 0 1 0 0 0 0 0 0 NA NA 0 0 1 1 1 1 0 1 0 NA 0 1 0 1 0 1 0 1 0 1 1 0 1 0 0 0 0 1 0 0 1 1 0 0 1 0 1 1 1 1 1 1 0 0 1 0 1 0 1 1 1 0 1 1 1 1 1 0 0 0 1 1
"116" 0 1 0 1 1 0 0 0 0 0 1 1 0 1 0 1 0 0 1 1 1 0 0 1 0 0 0 0 1 1 0 0 1 0 1 0 1 1 0 0 0 1 0 1 0 0 1 0 0 1 1 1 1 1 1 0 1 0 1 0 0 1 1 1 1 1 0 1 1 1 1 1 1 0 1 0 0 0 0 0 0 1 0 1 1 1 1 1 0 1 0 1 0 0 1 1 1 0 0 1
"117" 1 1 0 1 1 1 0 1 0 0 1 1 1 1 0 0 0 0 1 1 0 1 0 1 1 1 1 0 1 1 1 1 1 0 0 0 1 1 0 1 0 1 0 0 1 0 1 0 0 1 1 0 1 1 1 0 1 1 1 1 0 1 1 1 0 0 0 0 0 1 1 0 1 1 1 1 0 0 0 0 1 0 0 0 1 1 1 0 0 1 1 1 0 0 1 1 1 0 1 1
"118" 0 1 1 1 1 NA NA 1 1 0 1 0 1 0 0 0 0 0 1 1 0 0 0 0 1 1 1 0 0 1 0 1 0 0 1 0 1 1 0 0 1 1 1 0 0 NA 1 1 0 1 0 1 0 1 0 1 0 1 0 1 1 0 0 1 1 1 0 1 1 1 0 0 0 0 1 0 0 0 1 0 0 NA 1 1 1 1 1 0 1 0 0 1 1 NA NA 1 0 0 1 1
"119" 1 0 1 0 1 0 0 1 0 0 0 0 1 1 1 0 0 NA 1 0 1 1 1 1 0 0 1 0 0 1 0 0 1 0 0 0 1 0 1 1 0 0 0 1 1 1 1 1 0 1 1 1 1 NA 0 0 1 1 0 0 1 1 0 1 1 0 1 1 0 1 0 0 0 1 1 1 0 1 1 0 0 1 0 1 0 1 0 0 1 1 1 1 1 0 1 1 1 1 0 1
"120" 0 0 0 0 1 1 1 1 0 0 1 0 0 1 0 0 0 1 1 1 1 0 0 1 1 0 0 0 0 1 0 0 0 0 0 0 1 1 0 0 0 1 0 1 1 1 1 1 0 1 0 1 0 1 0 1 1 1 0 1 1 0 0 1 1 1 1 0 1 1 1 0 0 1 1 0 1 0 1 1 0 0 0 1 1 0 0 1 1 0 0 1 1 1 1 1 1 0 1 1
"121" 0 1 0 0 0 1 1 1 1 0 NA 0 0 1 0 0 1 0 1 NA 0 0 0 1 1 1 0 0 1 0 1 1 0 0 1 0 1 1 0 0 1 1 1 1 1 1 1 1 0 0 1 1 0 1 0 0 1 1 1 1 0 0 0 1 1 1 0 0 1 1 0 1 0 0 1 0 0 0 1 0 0 0 1 0 0 0 1 1 1 0 0 0 1 1 1 0 0 0 0 1
"122" 0 0 NA 1 1 1 1 1 0 1 0 0 1 1 0 0 NA 0 1 1 1 0 0 1 1 1 1 0 0 0 0 1 0 0 1 0 1 1 0 0 0 1 1 0 0 1 1 0 0 0 0 1 0 1 0 1 1 1 1 1 1 0 0 1 1 1 0 0 NA 1 0 0 0 1 1 0 1 0 1 0 0 0 1 1 0 0 1 1 1 0 0 1 1 1 1 0 0 0 1 1
"123" 0 1 1 0 0 1 1 0 0 0 0 1 1 0 1 1 1 0 1 1 0 0 0 1 1 0 1 0 1 0 0 0 0 0 0 1 0 0 0 1 1 0 1 1 1 1 1 0 0 0 0 1 1 1 1 1 0 0 0 0 0 0 1 0 1 0 0 1 1 1 0 0 1 1 0 1 0 0 0 0 0 1 0 1 1 0 0 1 0 0 1 0 0 1 1 0 1 1 1 1
"124" 0 1 1 1 0 1 0 1 1 0 0 0 0 1 1 1 0 0 1 1 1 1 0 0 1 0 1 1 1 1 0 0 0 1 1 0 1 1 1 1 0 1 1 1 1 0 1 0 1 1 0 0 0 1 0 1 1 1 NA 1 1 0 1 1 0 0 1 1 0 0 1 0 1 1 0 1 1 0 1 1 1 0 0 0 0 1 1 1 NA 1 0 1 1 1 0 0 1 1 1 1
"125" 0 0 1 0 1 1 1 0 0 0 0 0 0 0 0 1 1 1 1 1 1 0 0 0 1 1 1 1 1 1 1 0 0 0 1 0 1 1 0 1 0 1 1 1 0 1 1 NA 0 0 0 1 0 1 0 0 0 1 1 1 1 0 0 0 1 1 0 1 1 0 1 0 0 1 1 0 0 0 1 0 0 0 0 0 1 0 1 1 1 0 0 1 1 1 1 0 0 1 0 1
"126" 1 0 0 1 1 1 1 1 NA 0 0 0 1 1 0 0 0 0 1 1 1 0 1 0 1 0 1 0 NA 1 0 0 0 0 1 1 1 0 0 0 0 NA 1 0 1 1 1 0 1 0 0 1 1 1 0 0 0 1 NA 0 1 NA 0 NA 0 1 0 1 NA 1 0 1 0 0 1 0 1 0 1 0 0 1 1 1 0 0 1 NA 1 0 0 0 1 1 1 0 0 1 1 1
"127" 1 1 0 1 1 0 1 0 1 1 0 0 0 1 0 1 0 0 1 1 0 0 0 1 0 1 NA 0 0 1 0 NA 1 1 1 0 0 1 0 0 0 0 0 1 1 0 1 0 0 0 1 0 1 1 1 0 1 1 1 0 0 1 1 1 0 1 NA 1 1 NA 1 1 0 1 1 1 0 0 0 1 1 0 0 0 1 1 1 1 0 0 1 1 0 1 1 1 0 0 1 0
"128" 0 1 1 0 1 1 0 1 1 0 0 1 0 1 0 0 0 0 1 1 0 0 0 1 1 1 NA 0 0 1 0 0 0 1 1 0 0 0 0 1 0 1 0 0 1 0 1 1 1 1 1 0 1 1 1 0 1 1 NA 1 0 1 1 1 1 1 0 1 1 0 1 0 0 0 0 1 0 0 0 0 1 0 0 1 1 0 1 1 0 0 1 1 0 0 0 1 1 0 1 0
"129" 1 0 0 1 NA 1 1 1 0 0 0 1 1 0 0 1 0 0 0 1 0 1 1 1 0 0 1 0 1 0 1 1 0 0 NA 1 0 0 1 1 1 1 0 0 NA 0 1 1 0 NA 1 0 0 0 1 1 1 0 0 0 0 1 0 0 1 0 1 0 1 0 0 NA 0 1 0 0 1 0 NA 1 NA 1 1 0 1 0 0 1 0 1 1 0 0 0 1 1 1 0 NA 1
"130" 0 0 1 0 0 1 0 1 1 1 0 0 0 1 1 1 0 0 0 1 1 0 0 1 0 0 1 1 0 1 1 0 0 1 1 0 0 1 1 1 0 1 0 1 1 1 1 0 1 1 1 0 0 0 0 1 1 1 0 0 1 0 1 1 0 0 1 1 0 1 1 1 0 1 0 1 1 0 1 0 0 1 0 0 0 1 0 0 1 1 0 0 1 1 1 0 0 1 0 0
"131" 0 NA 0 1 1 0 1 1 1 0 1 0 0 1 0 1 0 0 1 1 1 1 1 1 1 1 1 0 0 1 0 1 1 1 1 1 0 1 1 1 0 0 0 0 1 0 0 0 1 1 0 0 1 1 1 0 1 1 1 0 0 1 1 1 1 1 0 0 1 1 NA 0 NA 0 0 NA 0 0 0 0 0 1 0 0 1 1 1 1 1 1 0 1 0 0 1 1 0 1 NA 1
"132" 0 1 0 1 0 1 1 0 1 1 0 0 1 1 1 0 0 0 1 1 1 0 1 0 0 0 1 0 0 0 0 0 0 1 0 1 0 0 1 1 1 1 0 0 0 0 1 0 0 1 1 0 0 0 0 1 1 0 0 0 0 1 0 0 1 0 1 1 0 0 0 0 0 0 1 0 0 0 0 0 1 1 1 0 1 0 0 1 0 1 1 1 1 0 1 1 1 0 0 1
"133" 0 0 0 0 1 1 1 1 1 0 1 1 0 0 0 0 0 1 1 1 0 1 0 0 1 1 0 1 1 1 0 1 1 0 0 1 0 1 1 1 0 0 0 0 0 0 0 1 0 1 1 1 1 1 0 0 1 0 1 0 0 0 1 0 0 1 0 0 0 1 0 0 0 1 1 NA 0 0 0 0 1 0 0 1 1 1 1 1 0 0 1 1 0 0 1 NA 1 1 0 0
"134" 1 0 NA 1 1 0 1 0 0 0 0 0 1 1 1 0 0 1 1 0 1 1 1 0 0 1 1 0 0 1 0 1 0 0 0 0 0 0 0 1 0 1 1 1 0 0 0 0 0 0 0 1 1 0 NA NA 0 1 1 0 1 1 0 0 1 0 1 0 1 1 0 0 1 1 1 1 0 1 1 0 1 1 0 0 1 1 0 1 1 1 0 1 1 0 1 1 0 1 1 1
"135" 0 1 0 1 1 1 1 1 1 0 0 1 0 1 0 0 1 0 1 0 0 0 1 1 1 0 1 0 1 0 0 NA 0 0 1 0 1 1 0 0 0 1 1 1 1 1 1 1 0 1 1 1 1 1 0 0 0 1 0 1 NA 0 0 0 1 1 0 0 1 0 0 0 0 0 1 0 NA 0 1 0 0 1 0 0 1 0 1 1 1 0 0 1 1 0 1 0 0 1 0 1
"136" 1 0 1 1 1 1 0 1 1 0 NA 0 NA 1 0 0 1 0 1 0 1 1 0 0 1 1 1 1 1 NA 1 1 0 1 0 0 1 0 0 0 0 1 0 0 0 1 1 1 0 1 0 NA 0 1 0 0 0 1 1 1 1 0 0 1 1 0 0 1 NA 0 0 0 1 1 1 0 1 1 1 1 0 0 1 1 1 0 1 1 1 0 0 1 1 1 1 0 0 0 1 NA
"137" 1 1 0 1 1 1 0 0 1 1 0 1 NA 1 1 1 0 0 1 1 0 NA 0 1 0 0 1 0 1 1 1 0 0 0 1 0 1 0 1 1 0 NA 1 1 1 1 1 0 1 0 0 0 1 1 0 1 1 0 1 1 1 0 1 1 0 0 1 1 0 0 1 0 1 1 0 1 0 0 1 1 0 1 0 0 0 1 0 1 1 0 0 1 1 1 0 0 0 1 0 1
"138" 1 1 1 0 0 1 0 0 1 0 0 0 0 1 1 0 0 0 0 1 1 0 0 0 1 0 1 1 1 1 0 0 0 1 1 0 0 1 1 1 0 1 1 1 1 0 1 0 1 0 1 0 1 0 0 0 1 1 1 1 0 0 0 1 0 0 1 1 1 1 1 0 0 1 1 1 1 0 1 1 1 1 1 0 0 1 0 0 0 1 0 0 0 1 0 0 0 1 0 1
"139" 1 NA 1 1 1 1 0 1 1 1 0 1 1 0 1 0 0 1 0 1 1 1 0 1 0 1 1 0 1 1 0 0 0 1 1 0 1 1 1 1 0 1 1 1 1 0 1 0 1 1 1 1 0 1 0 1 1 0 0 0 1 1 1 1 0 0 1 0 1 0 1 1 0 1 0 1 1 0 1 0 1 1 0 0 0 1 1 1 0 1 1 NA 1 NA 0 0 0 1 0 1
"140" 0 1 1 0 1 0 1 1 1 0 0 1 0 1 0 1 0 1 1 1 1 1 0 1 1 0 0 0 1 1 0 0 1 1 1 NA 1 1 0 1 0 1 0 NA 0 0 1 0 1 1 0 1 1 1 NA 0 NA 1 1 1 0 1 1 1 0 1 0 1 0 1 1 1 0 0 1 1 1 0 0 0 1 0 0 0 1 1 0 1 0 1 1 1 0 0 1 1 0 0 0 1
"141" NA 0 1 NA 1 0 1 1 0 1 NA 0 0 0 0 0 1 NA 1 1 1 0 1 0 1 0 0 1 0 1 1 1 0 0 1 0 1 1 0 1 NA 1 NA 1 0 0 NA 1 0 0 0 1 1 NA 0 1 0 1 1 0 0 0 0 1 1 1 0 1 NA 1 1 1 0 0 1 0 1 0 1 1 0 0 0 0 0 0 0 0 1 0 0 1 1 1 1 0 0 0 1 1
"142" 0 0 0 1 1 0 0 0 1 0 1 0 NA 1 0 1 0 0 1 1 1 1 0 1 1 0 0 0 0 1 0 1 1 0 1 0 0 1 1 1 0 0 0 0 1 0 0 1 0 0 0 0 1 1 0 1 1 1 1 NA 0 1 0 0 1 1 0 1 0 0 1 0 0 0 0 1 0 0 0 0 1 0 1 0 1 1 1 1 0 0 0 1 0 1 1 1 1 1 0 0
"143" 1 0 1 1 0 1 0 1 1 1 0 0 1 0 1 0 0 1 0 1 1 1 1 1 0 0 1 1 1 1 1 NA 0 1 0 0 1 1 1 1 0 1 1 1 1 0 1 0 0 0 1 0 0 0 0 0 1 NA 1 0 1 0 1 NA 0 1 1 0 1 1 1 0 0 1 0 0 0 0 1 1 0 1 0 0 0 0 0 1 1 0 1 NA NA 0 1 0 1 1 0 1
"144" 0 1 0 0 1 1 0 NA 0 0 0 1 1 1 0 1 0 0 1 0 1 1 0 1 1 0 0 0 0 1 0 0 1 0 1 0 0 1 0 0 0 0 0 0 1 1 1 1 0 1 0 0 0 1 1 0 1 1 1 1 0 1 1 1 0 1 0 1 0 0 0 0 0 1 0 1 0 1 0 0 1 0 0 0 1 0 1 0 1 0 1 1 0 0 1 0 0 1 0 1
"145" 0 1 0 1 0 1 NA 0 1 1 0 0 1 1 0 0 0 1 0 1 1 0 0 1 0 1 1 1 1 0 NA 1 0 1 0 0 1 1 1 1 0 1 1 1 1 0 1 1 1 1 1 0 1 1 1 1 1 1 1 1 1 1 0 1 0 1 1 1 1 1 1 0 0 1 NA 1 0 0 1 0 1 0 NA 0 0 1 0 1 1 1 1 1 1 1 0 1 1 NA 1 NA
"146" 0 0 NA 1 1 0 1 1 0 0 1 0 1 1 1 0 NA 1 0 0 1 1 1 0 1 0 1 0 0 1 0 0 0 0 0 0 1 0 1 NA 0 0 1 1 0 0 0 0 0 1 1 1 1 1 1 0 0 1 0 1 1 1 0 0 1 0 1 1 0 1 0 0 NA 0 1 0 0 NA 1 0 1 0 1 0 1 1 1 1 0 1 1 0 1 0 1 NA 0 1 0 1
"147" 0 0 1 1 1 1 0 0 1 1 0 0 0 0 1 0 0 1 1 1 1 1 0 0 1 0 0 1 1 1 0 0 0 0 1 NA 1 1 0 1 0 1 0 NA 1 0 1 0 1 0 1 0 0 1 1 0 1 1 NA 0 1 1 0 1 0 0 1 1 1 1 1 1 0 1 0 1 0 0 1 NA 0 1 0 0 0 0 0 1 1 1 1 1 1 1 0 0 0 1 0 1
"148" 1 0 1 1 0 1 1 1 0 1 0 0 0 0 1 1 0 0 0 1 0 0 1 0 0 1 1 0 0 0 1 1 0 0 1 1 1 0 0 1 1 1 1 0 0 1 1 1 0 1 1 0 0 1 0 0 1 1 0 0 0 1 0 0 1 1 1 0 1 0 0 0 1 1 0 1 0 0 0 0 1 1 1 0 1 0 0 1 1 1 1 0 1 0 1 1 1 1 0 1
"149" 1 1 1 1 0 0 1 1 0 0 1 0 1 1 0 0 0 1 0 0 1 1 1 0 0 1 1 0 NA 1 1 0 0 0 0 1 1 0 1 0 NA 0 0 1 0 0 1 0 0 0 1 1 1 0 1 0 1 1 0 1 1 0 0 0 1 1 1 0 0 1 0 0 0 0 1 0 1 1 1 1 0 0 1 0 1 1 1 0 0 1 1 1 1 0 1 1 1 1 1 0
"150" 0 1 1 1 1 1 0 0 1 1 0 0 0 1 1 0 0 0 0 1 1 0 0 1 1 NA 1 1 1 1 1 1 0 1 0 0 0 1 0 1 0 1 1 0 0 0 1 0 NA 1 1 1 1 0 0 1 1 1 NA 0 0 1 NA 1 0 1 1 1 NA 0 1 0 1 1 0 1 1 0 1 0 1 1 1 0 0 1 1 0 1 1 0 1 0 0 0 0 0 1 0 1
"151" 0 0 0 1 1 0 1 1 1 0 0 1 0 0 0 1 0 1 1 NA 0 1 0 0 1 1 1 1 0 1 1 1 1 0 1 0 1 1 NA 1 1 1 NA 0 1 0 0 1 0 0 1 1 0 1 0 0 1 1 1 1 0 1 1 0 1 1 0 1 1 1 1 1 0 0 0 1 1 1 0 0 1 0 0 0 1 1 1 1 0 1 1 1 NA 0 1 1 1 0 0 1
"152" 1 0 1 0 0 1 0 0 1 1 0 0 1 1 1 0 0 0 0 1 1 NA 0 1 1 NA 1 1 1 1 1 NA 0 NA 0 0 0 1 1 1 0 0 0 1 1 0 1 0 0 0 1 0 0 1 0 1 0 1 1 0 1 1 0 1 0 1 1 1 0 NA 0 0 0 1 0 1 0 0 1 1 0 1 0 0 0 0 0 0 1 0 0 1 0 1 0 0 0 1 0 1
"153" 1 1 0 1 1 1 1 1 1 0 0 0 0 0 1 0 1 0 0 1 0 1 1 0 0 0 1 0 0 0 1 1 0 0 0 1 0 0 1 1 1 0 0 1 1 1 1 1 0 1 1 0 0 0 1 0 1 0 0 1 NA 1 NA 0 0 1 1 1 0 0 1 0 1 0 0 0 0 0 0 1 1 0 1 0 1 0 0 1 1 1 0 0 1 0 1 1 1 1 0 0
"154" 0 1 0 0 1 1 0 1 1 0 0 1 0 1 1 1 0 1 0 1 0 1 0 1 1 0 NA 0 1 NA 1 0 0 1 1 0 1 1 1 1 0 1 1 1 1 0 1 1 1 1 1 0 1 1 0 1 1 1 1 NA 1 0 NA 1 0 0 1 0 1 0 1 1 0 1 0 1 1 0 1 0 0 1 1 0 0 1 0 0 1 0 0 1 0 1 0 0 1 1 0 1
"155" 0 0 1 0 1 1 1 1 1 1 0 0 0 0 1 0 1 0 1 1 1 0 0 0 1 0 0 1 0 1 0 1 0 0 1 0 1 1 0 0 0 1 0 1 1 1 1 0 0 NA 0 1 0 1 1 1 0 1 0 0 1 0 0 1 0 1 0 0 0 0 1 0 0 0 NA 0 1 0 1 NA 0 0 0 0 1 0 NA 1 1 0 0 1 1 1 1 1 0 1 1 1
"156" 1 1 0 1 0 1 1 1 1 1 0 0 1 1 1 1 0 0 1 1 0 1 1 1 1 0 1 NA 1 0 1 1 0 1 0 1 0 1 1 0 1 0 0 1 1 1 1 NA NA 1 1 0 0 0 NA 1 1 1 0 1 0 0 0 0 0 0 1 0 0 0 1 0 0 1 0 1 0 1 1 0 1 0 1 0 1 0 1 1 1 1 1 0 NA NA 1 1 1 1 NA 0
"157" 0 0 0 1 1 0 1 1 1 0 0 0 0 0 NA 1 0 0 1 1 0 0 1 1 0 0 1 0 1 0 1 0 0 0 0 1 1 NA 1 1 1 0 0 0 0 0 1 1 0 0 0 0 0 0 0 0 1 1 0 0 0 0 0 0 1 1 1 0 0 0 0 0 1 0 0 1 0 0 1 1 1 0 1 0 1 0 NA 1 1 1 1 NA 1 0 1 1 1 1 0 1
"158" 1 1 1 0 0 1 0 1 1 NA 0 0 0 1 1 1 1 1 0 1 0 1 0 1 0 1 1 NA 1 0 0 0 0 1 NA NA 0 1 0 1 0 1 1 0 1 0 1 0 0 1 0 0 0 1 0 0 1 0 NA 1 0 0 1 1 0 1 1 1 1 0 0 0 0 1 0 1 1 0 1 0 1 1 0 0 0 1 0 1 1 1 1 1 0 0 NA 0 1 1 0 1
"159" 1 1 1 0 0 1 0 1 1 0 NA 0 1 1 1 0 0 1 NA 1 1 0 0 0 0 0 NA 1 1 1 0 0 0 NA 0 0 0 0 0 1 0 1 0 1 1 0 1 0 1 0 1 0 0 1 0 1 1 1 1 0 1 0 1 1 0 1 0 1 0 0 1 1 1 1 0 1 0 0 1 0 0 1 1 0 0 1 1 0 NA 0 0 0 1 0 0 0 1 1 0 1
"160" 1 1 1 1 1 0 0 1 0 0 1 0 0 0 1 0 0 1 1 0 1 1 1 0 0 1 1 0 0 1 0 0 1 0 0 0 1 0 1 1 0 1 1 1 0 0 0 1 0 0 0 0 1 0 1 0 1 1 0 0 1 0 1 0 1 0 1 0 1 1 0 1 0 0 0 1 0 1 1 0 1 0 0 0 1 1 1 0 0 1 1 0 0 0 1 1 1 1 1 1
"161" 0 0 1 0 0 1 1 1 0 1 0 0 0 1 0 1 1 NA 1 0 NA 0 0 1 1 1 1 1 0 1 0 1 0 0 1 0 1 1 0 0 0 1 1 1 1 1 1 0 0 1 1 1 0 1 0 1 1 0 1 1 0 0 0 1 1 1 0 1 1 0 1 0 0 0 1 1 1 0 0 0 0 1 NA 0 1 0 0 1 1 1 0 1 1 1 NA 1 0 1 1 NA
"162" 1 1 0 1 1 1 1 1 1 1 1 0 1 1 1 1 1 0 1 1 0 0 1 1 0 0 1 0 1 0 1 0 0 0 1 1 1 0 1 1 1 0 0 1 0 1 1 1 0 0 1 0 0 1 0 0 1 1 0 0 0 0 0 0 1 1 1 0 0 0 0 1 1 1 0 1 0 0 1 0 1 1 1 0 1 1 0 1 0 1 1 1 1 0 1 0 1 0 0 0
"163" 0 1 1 0 0 1 1 0 0 1 0 0 1 0 0 0 1 0 1 0 1 1 0 1 1 0 0 1 1 NA 0 1 0 0 1 0 1 NA 0 0 1 1 0 0 0 1 1 0 0 1 0 1 1 1 1 0 NA 1 1 0 0 0 0 1 0 1 0 1 0 1 1 0 0 0 1 0 0 1 1 0 0 0 1 1 1 0 1 1 1 1 0 1 1 1 1 0 0 1 1 1
"164" 1 0 0 1 1 NA 1 1 0 0 0 0 1 1 1 0 1 1 0 0 1 1 1 0 0 0 NA 0 0 0 0 0 1 1 0 0 0 0 1 1 0 0 0 1 1 1 1 0 0 1 0 1 1 0 1 0 1 1 0 1 1 0 1 1 0 1 0 0 0 1 0 0 1 0 1 0 0 1 1 0 1 0 1 0 1 1 1 1 0 1 1 1 1 0 1 1 1 1 0 1
"165" 1 1 1 1 1 0 0 1 1 1 0 0 0 1 1 0 0 NA 1 1 1 0 0 0 0 0 1 1 1 1 1 0 0 0 1 0 0 1 1 1 0 1 0 1 1 1 1 0 NA 0 1 0 0 0 0 0 1 1 1 1 1 0 0 1 0 0 1 0 1 1 1 0 0 1 0 1 0 0 1 0 1 1 0 0 0 1 0 1 0 1 1 0 0 1 0 0 1 1 0 NA
"166" 0 0 0 1 1 0 1 1 1 0 0 0 0 1 1 1 0 0 1 1 1 1 0 1 0 1 0 0 1 0 0 1 1 0 0 1 0 1 1 1 0 0 0 0 1 0 1 0 1 0 1 1 1 0 1 0 1 1 1 0 0 1 1 0 0 1 0 0 1 1 0 1 1 0 1 1 0 1 0 0 1 0 0 0 1 1 0 1 0 1 1 1 0 0 1 1 0 1 0 0
"167" 1 0 1 1 1 0 1 1 0 0 1 0 1 1 0 0 1 1 1 0 1 1 1 1 0 1 1 0 1 1 0 1 1 0 1 0 0 0 0 1 0 0 0 1 0 0 1 1 0 1 0 0 1 1 1 0 1 1 0 0 1 1 0 1 1 1 0 1 1 0 0 0 1 1 0 1 1 0 1 1 1 0 0 0 0 1 1 0 1 1 1 0 1 0 1 1 0 NA 0 1
"168" 0 1 0 1 1 1 0 1 1 1 0 0 NA 1 1 0 0 1 0 1 0 0 1 1 0 0 1 1 1 0 1 1 NA 0 1 0 0 0 1 1 0 1 NA 1 1 0 1 0 1 1 1 0 0 0 1 NA 1 1 1 0 1 1 1 1 0 NA 1 1 NA 0 1 0 0 NA 0 1 1 0 1 0 1 0 0 0 0 1 0 1 1 1 0 1 0 1 0 0 NA 1 0 1
"169" 0 0 1 0 1 0 1 1 0 0 0 0 1 1 1 0 0 1 1 0 1 0 0 1 0 1 1 0 0 0 0 0 1 0 0 0 0 0 0 1 0 1 1 1 1 0 0 1 0 0 0 1 1 0 1 0 0 1 0 0 1 1 0 1 1 0 1 0 0 1 0 0 1 1 1 1 0 1 1 0 1 1 0 0 1 1 1 0 0 1 1 0 1 0 1 1 1 1 1 1
"170" 0 1 0 0 1 1 0 0 0 1 0 1 1 1 0 0 0 0 1 0 0 0 1 0 1 0 0 0 0 1 0 1 1 0 1 0 0 1 0 1 0 0 0 0 0 0 0 0 0 1 1 1 0 1 1 0 1 1 1 0 1 1 1 1 0 1 0 1 0 1 0 1 NA 0 1 1 1 0 0 0 0 0 0 1 1 0 1 1 1 1 1 1 0 0 1 1 0 0 NA 1
"171" 0 1 0 1 1 1 1 1 0 1 NA NA 0 NA 1 1 1 0 1 0 NA 1 1 0 0 0 1 0 1 0 NA 0 0 0 0 1 1 0 1 1 1 1 0 0 0 0 0 0 0 1 NA 0 0 1 0 0 1 1 0 0 0 1 0 0 0 0 0 1 NA 0 0 1 0 1 0 0 0 0 0 0 0 1 1 1 1 0 0 NA NA 1 1 0 0 0 1 0 1 0 0 0
"172" 1 0 0 1 1 1 1 1 1 1 NA 0 0 1 0 1 NA NA 0 1 0 1 1 1 0 0 1 0 1 1 1 1 0 0 1 1 0 0 1 1 1 1 NA 1 1 1 1 0 0 0 0 0 0 0 0 1 1 0 0 0 0 1 0 0 1 1 1 1 0 0 0 1 0 NA 0 1 0 0 0 1 1 1 NA NA 1 0 0 0 1 1 1 0 0 0 1 1 0 0 0 0
"173" 1 1 0 1 1 0 1 0 0 0 0 0 1 1 1 0 0 0 0 0 1 1 1 0 1 0 1 0 0 1 0 0 1 0 0 0 1 0 1 1 0 1 1 1 0 0 1 0 0 0 0 1 1 1 1 0 1 1 0 0 1 0 1 0 1 1 1 1 0 1 1 0 1 0 0 1 1 0 0 1 0 1 0 0 1 1 1 0 0 1 0 1 1 0 1 1 0 1 1 1
"174" 0 0 1 0 1 1 1 1 0 1 1 1 0 0 0 0 NA 1 1 1 0 0 0 1 1 0 1 0 0 0 0 0 0 0 0 0 NA 1 0 0 1 1 1 0 0 0 1 1 1 1 0 1 1 1 0 NA 0 1 1 0 1 0 0 1 0 1 0 1 1 1 0 0 0 NA 1 0 0 0 1 1 0 1 1 0 1 0 1 1 1 0 0 1 1 1 1 0 0 0 1 1
"175" 0 1 0 1 1 1 1 1 1 0 0 0 0 0 1 0 0 0 0 1 1 0 1 0 1 0 1 0 1 NA NA 0 0 1 1 1 0 0 1 1 1 1 0 1 1 0 1 0 0 0 1 0 0 0 1 1 1 1 0 0 0 1 0 0 1 0 1 0 0 1 1 1 0 1 0 0 0 1 NA 0 1 1 1 1 1 0 0 1 0 1 1 0 0 0 1 1 0 1 0 1
"176" 1 1 1 1 0 1 0 1 1 1 0 0 0 0 1 1 0 1 0 1 1 1 1 1 0 0 1 1 1 1 0 0 0 1 1 0 1 1 0 1 0 1 1 1 1 1 1 0 0 1 1 1 1 1 0 1 1 1 0 0 1 0 1 1 0 0 1 1 0 1 1 0 1 1 1 1 0 0 1 0 0 1 0 0 0 0 0 1 0 0 1 0 1 0 1 0 1 1 0 1
"177" 0 1 0 1 1 0 0 0 1 0 0 1 0 1 0 0 0 0 0 1 0 1 0 0 0 1 0 0 0 0 0 0 1 1 1 0 0 1 0 1 0 1 0 1 0 0 1 0 1 1 1 0 1 1 0 1 1 1 1 0 0 0 1 1 0 1 0 1 0 0 1 0 0 0 1 0 0 0 0 0 0 0 0 1 1 0 1 1 0 1 1 1 0 0 1 1 0 1 0 1
"178" 0 1 0 1 1 0 1 1 0 0 0 0 1 1 1 0 1 1 0 0 1 0 1 0 0 1 1 0 0 1 0 0 1 NA 0 0 0 0 1 1 1 1 0 1 0 0 1 0 0 1 0 NA 1 1 1 0 1 1 0 1 1 0 1 1 1 1 1 0 0 1 0 0 1 1 1 1 1 1 1 0 1 1 1 0 1 1 1 1 1 1 0 0 1 0 1 1 0 1 0 1
"179" 0 1 0 1 0 1 0 0 1 1 0 0 1 1 1 1 1 0 0 1 1 0 0 1 1 0 0 1 1 1 1 1 0 0 0 0 0 1 1 1 0 1 1 0 1 0 1 0 0 1 0 0 0 1 0 1 1 1 1 1 1 1 1 1 0 0 1 0 1 0 1 1 0 1 0 1 0 1 1 1 1 1 0 0 0 1 0 0 0 1 1 0 1 0 0 0 1 1 0 1
"180" 0 0 0 1 0 1 1 1 1 NA 0 1 0 1 0 0 0 0 1 1 1 0 0 0 1 1 0 0 1 1 0 0 0 0 1 0 0 0 0 0 0 1 1 1 1 1 1 NA 1 0 0 1 1 1 0 0 0 1 1 1 0 0 0 1 1 1 0 1 1 1 0 0 0 1 1 NA 1 0 1 1 0 0 1 0 0 0 0 1 1 NA 0 1 1 1 1 0 0 1 1 1
"181" 0 NA NA 0 1 0 1 1 1 0 0 1 0 1 1 1 0 1 1 0 0 1 0 0 1 1 0 0 0 1 0 1 1 0 1 0 0 1 NA 0 0 0 1 0 0 0 0 0 0 0 1 1 1 1 1 0 1 0 1 0 0 1 1 1 0 1 0 0 1 1 0 1 0 0 1 1 0 1 0 0 0 0 0 0 1 NA 0 1 1 1 0 1 0 1 1 1 0 1 1 0
"182" 0 1 1 1 0 1 1 1 1 1 1 0 NA 1 1 0 1 NA 0 1 1 0 1 0 1 0 1 0 1 0 1 1 0 1 0 1 0 0 1 0 0 0 0 0 0 1 1 1 0 1 1 0 0 0 1 0 1 1 0 NA 0 1 0 0 1 1 1 1 0 0 1 1 0 NA 1 1 0 NA 1 1 1 1 1 0 1 0 0 1 0 1 1 0 0 1 0 0 1 0 1 1
"183" 1 0 0 1 0 0 0 0 1 0 0 0 1 0 1 0 0 1 0 0 1 0 NA 0 0 0 1 NA 1 1 1 0 0 1 1 0 1 0 1 1 1 1 1 1 0 1 1 0 1 1 1 0 1 1 0 0 1 1 1 NA 1 1 0 1 0 1 1 1 NA 0 1 1 0 1 0 1 0 0 1 0 1 1 0 1 0 NA 1 1 1 0 1 0 1 0 0 0 1 1 0 1
"184" NA 1 0 1 1 0 1 NA 1 1 1 0 1 1 1 1 0 0 0 1 1 1 1 0 0 0 1 1 0 0 1 1 0 1 1 1 1 1 1 0 1 0 1 0 0 1 1 1 0 0 1 0 0 0 1 0 1 1 0 0 0 1 0 0 0 1 1 1 0 0 0 1 0 1 1 1 0 1 0 0 1 1 1 0 1 0 0 0 1 1 1 1 NA 0 1 1 1 1 0 1
"185" 1 0 0 1 0 1 0 0 1 0 0 0 0 1 1 1 0 1 0 1 1 0 0 0 0 0 1 1 1 1 1 0 0 1 0 0 1 1 1 1 0 1 0 1 0 0 1 0 1 1 1 NA 1 1 0 1 1 1 1 1 NA 1 1 NA 0 1 1 1 1 0 1 0 0 1 NA 1 0 0 1 0 1 1 1 0 0 1 1 1 0 0 0 0 1 0 NA 0 1 1 0 1
"186" 0 1 0 0 1 1 0 1 1 0 0 0 0 1 0 1 0 0 1 1 0 0 0 1 1 0 0 0 1 0 0 1 1 1 0 0 0 1 1 1 0 1 0 0 0 0 1 0 0 1 0 1 0 1 0 0 1 0 1 1 0 1 1 1 0 1 0 1 1 0 0 1 0 0 1 0 0 0 0 0 0 0 0 1 1 1 1 0 0 1 0 1 0 0 1 1 1 0 1 0
"187" 1 0 0 1 0 1 0 0 1 1 0 1 1 0 1 0 0 1 0 1 1 1 0 1 1 1 NA 1 1 1 0 1 0 0 1 0 0 1 0 1 1 0 0 1 0 NA 1 0 1 1 1 1 1 0 0 1 1 0 1 0 1 0 1 1 0 0 1 1 1 0 1 0 1 1 0 1 NA 0 1 0 1 1 1 0 0 0 NA 1 1 0 0 1 1 1 1 0 1 1 1 1
"188" 1 1 0 1 1 1 0 1 1 0 0 0 0 1 1 0 NA 0 0 1 1 0 0 1 0 0 1 1 1 1 1 1 0 1 1 0 1 1 1 1 0 1 1 0 NA 0 1 0 1 0 1 0 0 0 0 1 1 1 1 0 1 1 1 1 0 0 1 1 1 NA 1 0 0 1 0 1 1 0 1 0 0 1 0 0 0 1 0 1 1 1 0 0 1 0 0 0 1 1 0 1
"189" 0 0 0 0 1 0 1 NA 1 0 1 1 0 0 0 1 0 0 1 1 0 1 0 0 0 1 1 1 0 0 0 1 0 0 1 1 0 1 1 1 0 0 0 0 1 0 1 0 0 1 1 1 1 1 0 0 1 1 1 0 NA 1 1 1 0 1 0 1 0 0 1 1 0 1 1 0 0 1 0 0 1 0 0 1 1 0 1 1 1 1 0 NA 0 0 1 1 0 0 1 0
"190" 1 1 0 1 1 1 0 1 1 1 0 0 1 1 1 0 0 1 1 1 1 0 NA 1 0 0 1 1 1 1 1 0 NA 0 1 0 1 1 1 1 1 1 1 0 NA 0 1 0 1 1 1 1 0 1 NA 1 1 1 1 1 1 0 1 1 0 0 0 0 1 1 1 0 0 1 0 1 0 1 1 1 1 1 0 0 0 NA 0 1 1 0 1 1 0 0 0 0 1 1 0 1
"191" 0 1 0 1 1 1 1 1 0 1 0 0 1 1 0 0 1 0 1 0 1 1 0 NA 1 0 1 1 0 1 NA 0 0 1 1 0 1 0 NA 0 0 1 NA 1 0 0 1 0 1 1 0 0 0 NA 0 0 1 1 1 1 0 0 0 1 0 1 0 1 0 1 0 0 0 1 1 0 1 NA 0 1 1 0 0 0 1 0 0 1 1 0 0 1 0 1 1 1 0 0 0 1
"192" 1 1 0 0 1 1 1 0 1 0 0 1 1 1 0 0 0 1 1 1 1 1 0 1 1 1 0 0 0 0 0 1 1 1 1 0 1 NA 1 1 0 0 0 0 1 0 1 0 0 1 1 1 0 1 1 0 1 1 1 0 0 NA 1 1 0 0 0 1 0 1 0 0 1 0 0 0 0 0 0 0 1 0 0 0 1 1 1 1 0 0 1 1 0 1 1 0 1 1 0 0
"193" 0 1 0 1 1 1 0 0 1 0 0 1 1 0 0 1 0 NA 1 1 0 1 0 1 0 1 0 0 0 1 0 0 1 1 0 0 1 1 0 0 0 0 0 0 0 0 0 1 1 1 0 0 1 1 1 0 1 1 1 1 0 1 0 1 1 1 0 NA 0 1 0 1 0 NA 0 1 0 0 0 0 1 0 0 1 1 NA 1 1 0 1 0 1 1 0 0 1 1 NA 1 1
"194" 1 1 0 1 0 1 1 0 1 1 0 0 0 0 0 1 0 0 1 1 1 1 1 0 1 0 1 1 1 1 1 1 0 1 1 1 0 1 1 0 0 1 0 1 0 1 1 1 0 1 1 0 1 0 0 0 1 1 0 1 0 0 0 0 1 0 1 0 0 0 0 1 0 0 1 1 0 0 0 0 1 0 1 NA 1 1 0 1 0 1 1 NA 1 0 0 0 1 0 0 1
"195" 1 NA 1 0 1 0 0 1 0 0 0 0 1 0 1 0 0 1 0 0 1 1 1 0 0 1 1 0 0 1 1 0 0 0 0 0 1 0 0 1 0 0 1 1 0 0 0 0 0 1 0 0 1 1 0 0 1 1 0 0 1 0 0 1 1 1 0 0 0 1 0 1 0 1 0 0 1 1 1 1 1 1 1 0 0 1 1 0 NA 0 1 0 1 0 1 1 0 1 1 1
"196" 0 0 1 NA 1 1 1 1 0 0 NA 0 0 1 NA 0 0 0 1 0 0 0 1 0 0 1 0 NA 0 1 0 0 0 1 1 1 0 1 1 1 0 0 0 NA 1 1 1 0 0 1 1 0 1 0 0 0 1 0 NA 0 0 1 0 1 0 1 1 1 1 1 0 1 0 0 1 0 0 0 0 0 NA 0 0 1 1 1 1 1 1 1 1 1 0 0 1 1 1 0 0 1
"197" 0 1 0 1 0 1 1 1 0 1 0 0 0 0 1 0 1 0 0 1 0 1 1 1 0 0 1 1 0 0 1 1 0 0 0 1 0 0 1 1 0 0 0 0 1 0 0 0 0 1 1 0 0 1 0 0 1 0 0 0 0 0 0 0 1 0 0 0 0 0 NA 1 1 0 NA 1 0 0 1 1 1 1 1 1 1 0 1 1 1 1 1 0 0 0 0 0 0 0 0 1
"198" 1 0 1 0 1 0 1 0 0 0 0 0 0 1 1 0 1 1 1 0 1 1 1 1 0 0 1 0 0 0 1 0 0 0 NA 0 0 0 1 1 0 1 1 1 0 0 NA 1 0 1 0 1 1 NA 0 0 1 1 0 0 1 1 0 0 1 1 0 1 0 1 0 1 0 0 NA 1 1 1 1 0 0 1 1 1 1 1 1 0 NA 1 1 NA 1 0 1 1 0 1 NA 1
"199" 1 1 0 1 1 0 1 1 1 0 0 0 1 1 1 0 NA 0 0 1 1 1 1 1 0 1 1 0 1 0 1 1 0 1 1 1 0 0 1 0 1 0 1 0 1 0 0 1 0 1 1 0 0 0 1 0 1 0 0 1 0 0 0 0 1 0 1 0 0 0 0 1 1 0 1 1 0 0 1 0 0 0 1 1 1 0 0 1 1 1 1 0 0 0 0 0 1 0 0 1
"200" 1 1 1 1 0 1 0 1 1 1 0 0 1 1 1 0 0 0 0 1 1 0 NA 1 1 0 1 1 1 0 1 0 NA 1 0 0 1 NA 0 1 0 1 1 1 1 0 1 0 1 NA 1 0 NA 1 1 1 1 1 1 0 1 0 0 1 0 NA 1 1 1 1 1 0 1 1 NA 1 1 0 1 0 0 1 1 0 0 NA 0 1 1 1 0 1 1 1 0 NA 1 1 1 1
